# Table 
0 0.0277834 0.0286464 0.151206 0.131269 0.012011 0.00454247 0.0253399 0.038037 0.0595167 0.180649 0.101863 0.0162654 0.00865754 0.0310337
1 0.0564851 0.118677 0.340862 0.187975 0.025134 0.0155247 0.0574396 0.00841078 0.0993178 0.168913 0.0644864 0.014221 0.0115683 0.027207

# Table 
0 0.00145056 0.00201728 0.89754 0.00299264 0.000232727 8.02468e-05 0.0139186 0.000381536 0.00108759 0.213693 0.000813752 0.000343632 3.61592e-05 0.00153101
1 0.00156224 0.00230784 0.993093 0.00303648 0.000312727 9.34374e-05 0.0145853 0.000330059 0.00106567 0.00175639 0.000768124 0.000321772 3.51146e-05 0.00140199

# Table 
0 0.00092544 0.0001952 0.360712 0.00296704 0 1.35334e-05 0.00701683 0.00126721 0.000267289 0.493926 0.00406279 0 1.85314e-05 0.0096082
1 0.0023136 0.000488 0.901781 0.0074176 0 3.38335e-05 0.0175421 0 0 0 9.6974e-19 0 0 0

(OK) verificacao do parametro weakness verificado, esta gerando mudanca nos dados)

Teste feito com 3 parametros diferentes

